4294967278,132
4294967278,131
4294967278,130
4294967278,129
4294967278,128
4294967278,127
4294967278,126
4294967278,125
4294967278,124
4294967278,123
4294967278,122
4294967278,121
4294967278,120
4294967278,119
4294967278,118
4294967278,117
4294967278,116
4294967278,115
4294967278,114
4294967278,113
4294967278,112
4294967278,111
4294967278,110
4294967278,109
4294967278,108
4294967278,107
4294967278,106
4294967278,105
4294967278,104
4294967278,103
4294967278,102
4294967278,101
4294967278,100
4294967278,99
4294967278,98
4294967278,97
4294967278,96
4294967278,95
4294967278,94
4294967278,93
4294967278,92
4294967278,91
4294967278,90
4294967278,89
4294967278,87
4294967278,86
4294967278,85
4294967278,84
4294967278,83
4294967278,82
4294967278,81
4294967278,80
4294967278,79
4294967278,78
4294967278,77
4294967278,75
4294967278,72
4294967278,70
4294967278,69
4294967278,68
4294967278,67
4294967278,66
4294967278,65
4294967278,64
4294967278,63
4294967278,61
4294967279,81
4294967279,76
4294967279,72
4294967279,68
4294967279,60
4294967279,58
4294967279,54
4294967279,52
4294967279,49
4294967279,46
4294967279,43
4294967279,40
4294967279,37
4294967279,35
4294967279,31
4294967279,27
4294967279,26
4294967279,285
4294967279,24
4294967279,23
4294967279,17
4294967279,561
4294967279,14
4294967279,560
4294967279,11
4294967279,259
4294967279,563
4294967279,9
4294967279,548
4294967279,8
4294967279,7
4294967279,6
4294967279,5
4294967279,4
4294967278,76
4294967278,372
4294967279,75
4294967279,530
4294967294,436
4294967279,66
4294967294,81
4294967294,50
4294967278,74
4294967278,351
4294967279,572
4294967278,73
4294967278,186
4294967278,350
4294967294,7
4294967279,566
4294967278,185
4294967294,9
4294967279,185
4294967294,37
4294967294,1417
4294967294,393
4294967294,472
4294967278,71
4294967278,184
4294967278,370
4294967294,89
4294967278,183
4294967279,183
4294967279,182
4294967278,181
4294967279,179
66,5
4294967278,180
66,4
66,3
66,2
66,1
4294967279,301
4294967278,179
4294967294,40
4294967278,62
4294967279,178
4294967278,177
4294967278,176
4294967278,348
4294967278,175
4294967278,173
64,4
4294967279,172
64,3
64,2
64,1
4294967279,571
4294967279,168
4294967279,297
63,6
4294967279,570
4294967279,539
63,5
4294967294,128
4294967294,185
4294967279,164
63,4
63,3
63,2
63,1
4294967279,554
4294967294,1416
4294967294,1
4294967294,46
4294967294,2
62,5
62,4
62,3
62,2
62,1
4294967279,155
4294967294,107
4294967279,551
4294967279,149
4294967294,96
4294967294,94
61,5
61,4
61,3
61,2
61,1
4294967278,380
0,7
4294967294,469
4294967294,0
4294967294,22
4294967294,17
4294967294,99
4294967294,67
4294967294,92
4294967294,90
4294967294,86
4294967294,1414
4294967294,150
4294967294,149
0,5
4294967294,129
4294967294,28
4294967294,1015
4294967294,27
4294967294,25
4294967294,26
4294967294,416
4294967294,52
4294967294,426
4294967294,44
4294967294,201
4294967294,93
4294967294,95
4294967279,32
4294967279,565
4294967294,6
4294967294,42
4294967294,8
60,5
60,4
60,3
60,2
60,1
4294967279,569
59,5
59,4
59,3
59,2
59,1
4294967278,379
58,4
58,3
58,2
58,1
4294967279,568
4294967278,378
4294967279,567
4294967293,131
4294967293,130
4294967293,129
4294967293,128
4294967293,127
4294967293,126
4294967293,125
4294967293,124
4294967293,123
4294967293,122
4294967293,121
4294967293,120
4294967293,119
4294967293,118
4294967293,117
4294967293,116
4294967293,115
4294967293,114
4294967293,113
4294967293,112
4294967293,111
4294967293,110
4294967293,109
4294967293,108
4294967293,107
4294967293,106
4294967293,105
4294967293,104
4294967293,103
4294967293,102
4294967293,101
4294967293,100
4294967293,99
4294967293,98
4294967293,97
4294967293,96
4294967293,95
4294967293,94
4294967293,93
4294967293,92
4294967293,91
4294967293,90
4294967293,89
4294967293,88
4294967293,87
4294967293,86
4294967293,85
4294967293,84
4294967293,83
4294967293,82
4294967293,81
4294967293,80
4294967293,79
4294967293,78
4294967293,77
4294967293,76
4294967293,75
4294967293,74
4294967293,73
4294967293,72
4294967293,71
4294967293,70
4294967293,69
4294967293,68
4294967293,67
4294967293,66
4294967293,65
4294967293,64
4294967293,63
4294967293,62
4294967293,61
4294967293,60
4294967293,59
4294967293,58
4294967293,57
4294967293,56
4294967293,55
